Push Public Key: [2, 51, 79, 250, 67, 13, 250, 240, 92, 229, 142, 49, 142, 112, 78, 208, 134, 69, 42, 96, 27, 255, 227, 180, 114, 30, 48, 65, 1, 81, 64, 170, 131]

Push Auth: [182, 33, 58, 151, 83, 32, 101, 114, 127, 194, 160, 145, 100, 46, 244, 198]

Ephemeral Secret Private: [184, 139, 61, 105, 138, 151, 11, 65, 155, 250, 121, 228, 187, 79, 0, 121, 108, 105, 196, 30, 140, 53, 15, 205, 172, 71, 2, 9, 32, 223, 70, 194]

D: "uIs9aYqXC0Gb-nnku08AeWxpxB6MNQ_NrEcCCSDfRsI"

Ephemeral Secret Public: [4, 218, 233, 4, 52, 236, 200, 255, 130, 41, 79, 172, 11, 154, 33, 107, 233, 41, 45, 254, 216, 251, 7, 122, 157, 38, 13, 28, 119, 158, 93, 167, 74, 249, 197, 73, 111, 3, 128, 65, 5, 213, 224, 112, 182, 94, 96, 168, 79, 124, 20, 88, 187, 57, 246, 134, 230, 249, 154, 154, 26, 125, 171, 44, 25]

X: 2ukENOzI_4IpT6wLmiFr6Skt_tj7B3qdJg0cd55dp0o

Y: -cVJbwOAQQXV4HC2XmCoT3wUWLs59obm-ZqaGn2rLBk

Shared Secret: [46, 181, 75, 64, 69, 167, 66, 68, 105, 188, 201, 250, 190, 91, 12, 49, 143, 168, 19, 188, 220, 32, 232, 209, 42, 217, 209, 22, 237, 34, 162, 246]

Salt: [209, 86, 52, 47, 103, 26, 28, 63, 254, 179, 118, 129, 73, 237, 239, 163]

Pseudo Random Key: [174, 12, 86, 115, 77, 89, 31, 118, 245, 174, 218, 30, 231, 185, 22, 152, 181, 130, 18, 75, 173, 105, 103, 5, 104, 109, 227, 179, 45, 81, 0, 132]

Encryption Key Info: [67, 111, 110, 116, 101, 110, 116, 45, 69, 110, 99, 111, 100, 105, 110, 103, 58, 32, 97, 101, 115, 103, 99, 109, 0, 80, 45, 50, 53, 54, 0, 0, 65, 4, 51, 79, 250, 67, 13, 250, 240, 92, 229, 142, 49, 142, 112, 78, 208, 134, 69, 42, 96, 27, 255, 227, 180, 114, 30, 48, 65, 1, 81, 64, 170, 131, 199, 207, 97, 184, 131, 251, 200, 83, 235, 136, 146, 200, 178, 148, 47, 247, 212, 252, 67, 246, 0, 30, 196, 42, 242, 144, 83, 171, 113, 15, 89, 220, 0, 65, 4, 218, 233, 4, 52, 236, 200, 255, 130, 41, 79, 172, 11, 154, 33, 107, 233, 41, 45, 254, 216, 251, 7, 122, 157, 38, 13, 28, 119, 158, 93, 167, 74, 249, 197, 73, 111, 3, 128, 65, 5, 213, 224, 112, 182, 94, 96, 168, 79, 124, 20, 88, 187, 57, 246, 134, 230, 249, 154, 154, 26, 125, 171, 44, 25]

Encryption Key: [144, 24, 179, 164, 254, 227, 251, 89, 0, 244, 60, 134, 173, 79, 154, 242]

Nonce Info: [67, 111, 110, 116, 101, 110, 116, 45, 69, 110, 99, 111, 100, 105, 110, 103, 58, 32, 110, 111, 110, 99, 101, 0, 80, 45, 50, 53, 54, 0, 0, 65, 4, 51, 79, 250, 67, 13, 250, 240, 92, 229, 142, 49, 142, 112, 78, 208, 134, 69, 42, 96, 27, 255, 227, 180, 114, 30, 48, 65, 1, 81, 64, 170, 131, 199, 207, 97, 184, 131, 251, 200, 83, 235, 136, 146, 200, 178, 148, 47, 247, 212, 252, 67, 246, 0, 30, 196, 42, 242, 144, 83, 171, 113, 15, 89, 220, 0, 65, 4, 218, 233, 4, 52, 236, 200, 255, 130, 41, 79, 172, 11, 154, 33, 107, 233, 41, 45, 254, 216, 251, 7, 122, 157, 38, 13, 28, 119, 158, 93, 167, 74, 249, 197, 73, 111, 3, 128, 65, 5, 213, 224, 112, 182, 94, 96, 168, 79, 124, 20, 88, 187, 57, 246, 134, 230, 249, 154, 154, 26, 125, 171, 44, 25]

Nonce: [251, 83, 126, 11, 92, 49, 69, 209, 198, 24, 200, 79]

Plaintext: [0, 0, 72, 101, 108, 108, 111, 32, 87, 111, 114, 108, 100, 33]

Ciphertext: [199, 13, 77, 194, 41, 202, 98, 135, 22, 130, 128, 204, 147, 147, 30, 69, 190, 201, 250, 4, 206, 223, 129, 127, 237, 241, 12, 19, 6, 48]